02656
08495
01598
01361
01244
02882
01530
01115
06651
00797
01737
01616
01841
02018
01615
02627
02256
01288
08131
02687
01627
01283
00474
01870
06669
09919
02623
09860
01163
06189
08620
08320
00900
00984
08341
01757
03383
08279
08290
01715
01490
01299
81299
00286
06660
02121
00753
02251
00538
01789
09926
00328
00241
03319
00684
00550
01563
00373
00833
08186
00948
09966
08149
01849
08168
00630
00077
08545
01977
01592
02218
09956
06699
02648
02020
82020
06996
03337
00922
00381
01370
01496
01104
06036
00860
02551
01045
09990
00645
06639
00565
00279
03313
00789
01120
06855
01672
00711
00743
00104
00351
00662
08413
00214
08400
00129
00679
01675
00073
08193
01993
00271
00522
00105
08333
06821
08043
00707
02519
02589
01717
06118
02425
02031
00720
02518
00771
02443
02580
02080
00595
08419
02357
01705
02396
02250
09988
89988
01397
01958
01466
02100
06608
06657
08525
00874
06980
02293
03988
00023
02139
06199
01578
03328
06190
06196
02659
02355
09991
08432
02170
08460
08360
02149
00483
01338
00737
80737
02609
02009
01963
01082
00154
01450
02373
08095
00694
00392
02210
01000
09669
02423
01987
02581
06160
01488
09882
02360
02111
03978
00926
06909
01775
06828
01693
01552
09888
89888
01522
09626
02299
08220
02886
08348
03316
02315
01875
02185
08247
02563
06082
06113
06188
00686
03718
00371
02389
01803
02533
00888
00325
06993
00498
06955
01204
02588
02388
82388
03329
00710
01685
01246
01758
08601
01906
02377
08118
08140
03998
02076
00434
03866
06681
02203
01333
01351
01428
08446
02137
01114
02163
00159
02216
01876
00240
06090
02457
02339
01211
81211
00285
08645
00048
01224
01372
01486
00721
00605
08225
00591
01004
01725
03623
00658
06966
00362
01908
00731
02156
08430
01028
01566
02030
00341
00080
03931
01848
01228
02169
08245
06185
02643
01075
03989
00193
08239
00730
00204
02324
02531
00612
02549
00837
00126
00643
02171
02223
00510
00841
01981
00293
03750
08026
09668
08428
09983
01375
00939
00145
02176
08286
00138
00661
01062
01606
08280
00085
06818
01257
01857
00759
01049
08315
01959
00832
00475
01735
09982
00355
08132
00959
00162
02113
00079
00798
02652
06098
01940
01811
01816
06881
00149
00039
08037
00810
02349
08120
00334
00871
03996
01237
01661
02175
08281
01217
01226
01117
08071
00081
00987
03708
01427
02439
02779
02555
02600
02068
01629
02778
00092
08139
03991
06959
00954
01039
02017
01588
00682
02219
00951
02289
06601
00057
01593
02286
01785
01812
09680
01094
02285
09973
00131
00025
00063
08423
09913
01380
01863
00978
08117
00681
01756
00815
02145
06693
00976
08087
00031
06898
03883
01572
00164
03983
03318
08270
00989
00217
01969
01359
01898
08039
01800
03969
03818
00670
00667
00165
01371
00839
00228
01130
00646
00802
06186
00506
00110
00384
03300
02237
03788
00673
00931
08316
08646
00377
01290
08178
00464
01900
01027
00817
01890
02128
02628
01234
00772
00916
02023
00144
00133
00941
80941
08275
08125
01321
03928
08047
00603
02883
08406
00581
01871
00688
02669
01532
03348
00380
02380
00866
01186
00390
00769
01508
00291
01109
01209
00836
01907
00136
08623
00910
02198
01966
01432
01088
01055
00326
03311
00956
00966
00674
00728
01252
03398
00788
00308
00762
02330
02202
00245
01920
01854
00855
03778
01822
01866
00552
02099
00348
01123
01378
01156
01278
80291
03320
00515
00485
00354
01668
00893
00127
01258
03728
00997
00385
00216
01556
00632
08537
01053
02722
00116
01929
00641
01938
00560
01420
02982
00298
00367
02788
01853
01858
08128
03908
03881
00884
06166
01719
02039
03899
00111
01620
01763
08051
02507
01433
06058
00267
00998
02799
01205
06030
01883
08050
08586
00256
01113
00001
01038
00775
08098
01406
08232
03686
01463
02512
02592
09955
02197
00002
03968
01292
01141
01503
00206
03309
00302
03993
01792
02991
01636
00867
06099
02399
00542
00745
01143
01069
00264
02130
00339
03323
00611
02579
02302
00883
80883
01240
00701
01124
00428
01610
01778
02342
00794
00046
00320
00712
00232
02276
00587
02560
00586
02453
00182
01967
00875
01681
01912
00513
02613
08491
02369
08040
08112
08391
02866
01919
00517
01199
02298
00120
00118
02007
01145
01415
02601
01932
03618
00831
02460
01313
01582
01911
01515
00082
01786
08368
08158
00122
00032
03893
00727
01766
00269
06922
08198
02232
06066
00830
00235
01093
03877
02616
03839
08111
00994
00659
01880
06055
01416
08159
00343
02487
00521
01020
02016
01301
01090
01580
01073
03999
08417
08130
00440
02543
02356
00544
00567
01921
01060
00915
00210
09986
08375
01272
00991
01798
02348
02651
00861
03768
00990
01384
02418
02419
01452
01545
00262
02270
00755
02215
03958
00113
02559
06878
02022
00547
01667
09886
00508
08337
00726
01950
01709
08210
02586
02432
00442
00489
01702
00895
00695
00189
01917
02352
08403
01405
08493
01712
06829
09889
01126
00593
02865
00356
00620
08250
09606
00986
01753
01330
06889
00029
00828
01635
08222
01142
00599
02368
02550
01797
03626
02442
01218
00257
03699
06178
08036
02138
08218
08013
01733
08169
02505
01147
02416
08450
01410
00382
03709
08062
00379
06882
02048
00076
00907
08635
00223
01395
01388
00616
00717
00491
00296
00163
00887
00353
00128
02688
01808
01102
01783
00689
01884
03860
01856
01995
00330
01061
06668
08475
06883
00764
08031
01846
00476
00838
01549
03616
00202
01815
01952
06666
00708
01962
06989
08319
00858
08347
00052
08588
08603
08100
06086
01777
02516
06288
02212
01826
00035
00036
03360
00037
01413
02993
01901
01022
02469
08030
00638
08107
02038
01502
01476
09978
08317
06860
08018
01909
01269
08215
00142
02107
00227
06088
06865
06610
02986
